Detector angle	Rate at 35kV
2*theta/°	R(35kV)/Imp/s

10.0	22.0
11.0	17.0
12.0	12.0
13.0	13.0
14.0	12.0
15.0	13.0
16.0	10.0
17.0	14.0
18.0	18.0
19.0	21.0
20.0	17.0
21.0	22.0
22.0	31.0
23.0	28.0
24.0	24.0
25.0	42.0
26.0	60.0
27.0	41.0
28.0	431.0
29.0	34.0
30.0	28.0
31.0	25.0
32.0	24.0
33.0	21.0
34.0	29.0
35.0	28.0
36.0	23.0
37.0	21.0
38.0	18.0
39.0	20.0
40.0	19.0
41.0	19.0
42.0	22.0
43.0	17.0
44.0	18.0
45.0	16.0
46.0	14.0
47.0	19.0
48.0	16.0
49.0	14.0
50.0	18.0
51.0	100.0
52.0	19.0
53.0	23.0
54.0	22.0
55.0	18.0
56.0	59.0
57.0	36.0
58.0	16.0
59.0	15.0
60.0	13.0
61.0	13.0
62.0	13.0
63.0	12.0
64.0	12.0
65.0	11.0
66.0	17.0
67.0	15.0
68.0	10.0
69.0	12.0
70.0	13.0
71.0	12.0
72.0	11.0
73.0	12.0
74.0	13.0
75.0	12.0
76.0	12.0
77.0	13.0
78.0	12.0
79.0	26.0
80.0	14.0
81.0	13.0
82.0	11.0
83.0	10.0
84.0	11.0
85.0	11.0
86.0	9.0
87.0	11.0
88.0	17.0
89.0	18.0
90.0	50.0
91.0	12.0
92.0	12.0
93.0	12.0
94.0	12.0
95.0	12.0
96.0	11.0
97.0	9.0
98.0	9.0
99.0	11.0
100.0	11.0
101.0	11.0
102.0	13.0
103.0	12.0
104.0	11.0
105.0	13.0
106.0	9.0
107.0	10.0
108.0	9.0
109.0	10.0
110.0	10.0
