Detector angle	Rate at 25kV	Rate at 30kV	Rate at 35kV
2*theta/°	R(25kV)/Imp/s	R(30kV)/Imp/s	R(35kV)/Imp/s

6.0	1.0	11.0	44.0
6.2	1.0	7.0	29.0
6.4	1.0	3.0	16.0
6.6	2.0	5.0	14.0
6.8	1.0	4.0	11.0
7.0	1.0	4.0	9.0
7.2	1.0	2.0	8.0
7.4	1.0	3.0	9.0
7.6	0.0	3.0	9.0
7.8	1.0	3.0	6.0
8.0	1.0	3.0	7.0
8.2	1.0	1.0	6.0
8.3	2.0	2.0	6.0
8.6	1.0	2.0	6.0
8.8	1.0	3.0	6.0
9.0	1.0	2.0	8.0
9.2	1.0	2.0	7.0
9.3	1.0	1.0	6.0
9.6	1.0	2.0	5.0
9.8	1.0	4.0	4.0
10.0	0.0	1.0	7.0
10.2	1.0	4.0	6.0
10.3	0.0	2.0	6.0
10.6	1.0	1.0	7.0
10.8	1.0	2.0	5.0
11.0	1.0	4.0	6.0
11.2	1.0	2.0	4.0
11.4	1.0	3.0	7.0
11.6	0.0	2.0	7.0
11.8	1.0	2.0	10.0
12.0	1.0	1.0	16.0
12.2	0.0	3.0	17.0
12.4	1.0	2.0	18.0
12.6	1.0	2.0	22.0
12.8	1.0	1.0	24.0
13.0	1.0	4.0	27.0
13.2	1.0	5.0	29.0
13.4	2.0	5.0	24.0
13.6	1.0	8.0	29.0
13.8	1.0	9.0	34.0
14.0	2.0	11.0	37.0
14.2	2.0	14.0	38.0
14.4	1.0	21.0	37.0
14.6	1.0	17.0	37.0
14.8	1.0	24.0	41.0
15.0	2.0	25.0	41.0
15.2	1.0	25.0	43.0
15.4	1.0	24.0	48.0
15.6	4.0	24.0	52.0
15.8	5.0	28.0	50.0
16.0	7.0	27.0	45.0
16.2	8.0	25.0	50.0
16.4	11.0	32.0	39.0
16.6	10.0	32.0	52.0
16.7	11.0	32.0	51.0
17.0	12.0	30.0	53.0
17.2	14.0	35.0	59.0
17.4	14.0	36.0	50.0
17.6	15.0	30.0	50.0
17.7	16.0	31.0	49.0
18.0	19.0	33.0	51.0
18.2	16.0	35.0	56.0
18.4	18.0	44.0	52.0
18.6	22.0	36.0	59.0
18.7	23.0	43.0	52.0
19.0	22.0	43.0	60.0
19.2	27.0	37.0	63.0
19.4	23.0	42.0	64.0
19.6	24.0	47.0	60.0
19.7	27.0	47.0	60.0
20.0	31.0	46.0	66.0
20.2	32.0	55.0	72.0
20.4	33.0	54.0	72.0
20.6	33.0	56.0	68.0
20.7	37.0	49.0	62.0
21.0	34.0	47.0	58.0
21.2	34.0	50.0	74.0
21.4	35.0	52.0	79.0
21.6	35.0	55.0	80.0
21.7	40.0	54.0	68.0
22.0	44.0	60.0	72.0
22.2	40.0	59.0	68.0
22.4	40.0	57.0	79.0
22.6	41.0	55.0	72.0
22.7	38.0	60.0	77.0
23.0	43.0	67.0	87.0
23.2	41.0	68.0	80.0
23.4	45.0	60.0	84.0
23.6	48.0	66.0	82.0
23.8	47.0	60.0	87.0
24.0	41.0	55.0	77.0
24.2	42.0	58.0	68.0
24.4	40.0	59.0	80.0
24.6	44.0	56.0	68.0
24.8	39.0	56.0	83.0
25.0	43.0	56.0	77.0
25.2	38.0	61.0	80.0
25.4	42.0	55.0	73.0
25.6	46.0	55.0	68.0
25.8	41.0	56.0	73.0
26.0	42.0	53.0	70.0
26.2	39.0	59.0	67.0
26.4	41.0	54.0	71.0
26.6	38.0	59.0	73.0
26.8	39.0	54.0	69.0
27.0	41.0	53.0	74.0
27.2	36.0	49.0	65.0
27.4	31.0	50.0	64.0
27.6	27.0	48.0	58.0
27.8	37.0	37.0	62.0
28.0	33.0	44.0	55.0
28.2	29.0	41.0	50.0
28.4	30.0	42.0	47.0
28.6	28.0	34.0	50.0
28.8	27.0	38.0	48.0
29.0	28.0	37.0	53.0
29.2	29.0	43.0	55.0
29.4	29.0	34.0	51.0
29.6	25.0	36.0	51.0
29.8	24.0	34.0	45.0
30.0	27.0	37.0	44.0
30.2	25.0	37.0	43.0
30.4	27.0	39.0	42.0
30.6	27.0	36.0	49.0
30.8	22.0	36.0	42.0
31.0	29.0	39.0	45.0
31.2	28.0	33.0	42.0
31.4	22.0	34.0	42.0
31.6	23.0	34.0	39.0
31.8	23.0	33.0	38.0
32.0	26.0	30.0	38.0
32.2	21.0	30.0	46.0
32.4	25.0	37.0	37.0
32.5	20.0	33.0	33.0
32.8	23.0	33.0	40.0
33.0	29.0	32.0	34.0
33.2	18.0	30.0	36.0
33.4	23.0	34.0	38.0
33.5	21.0	28.0	38.0
33.8	22.0	26.0	30.0
34.0	25.0	30.0	37.0
34.2	21.0	26.0	32.0
34.4	20.0	29.0	33.0
34.5	21.0	27.0	38.0
34.8	21.0	28.0	34.0
35.0	20.0	25.0	37.0
35.2	20.0	21.0	28.0
35.4	21.0	21.0	34.0
35.5	18.0	26.0	36.0
35.8	17.0	24.0	31.0
36.0	21.0	26.0	26.0
36.2	19.0	25.0	26.0
36.4	19.0	23.0	28.0
36.5	17.0	21.0	22.0
36.8	20.0	22.0	28.0
37.0	14.0	22.0	26.0
37.2	18.0	25.0	27.0
37.4	16.0	19.0	26.0
37.5	13.0	21.0	29.0
37.8	16.0	21.0	30.0
38.0	19.0	20.0	29.0
38.2	19.0	22.0	29.0
38.4	18.0	21.0	26.0
38.5	16.0	21.0	28.0
38.8	20.0	19.0	24.0
39.0	19.0	18.0	25.0
39.2	18.0	21.0	27.0
39.4	17.0	21.0	23.0
39.5	17.0	20.0	28.0
39.8	19.0	17.0	29.0
40.0	15.0	19.0	22.0
40.2	13.0	18.0	21.0
40.4	18.0	21.0	25.0
40.5	18.0	30.0	38.0
40.8	46.0	69.0	87.0
41.0	187.0	282.0	351.0
41.2	229.0	370.0	470.0
41.4	189.0	298.0	403.0
41.5	60.0	97.0	126.0
41.8	22.0	34.0	45.0
42.0	20.0	26.0	31.0
