Detector angle	Rate at 25kV	Rate at 30kV	Rate at 35kV
2*theta/°	R(25kV)/Imp/s	R(30kV)/Imp/s	R(35kV)/Imp/s

10.0	1.0	3.0	8.0
10.2	2.0	3.0	7.0
10.3	1.0	5.0	6.0
10.6	1.0	4.0	8.0
10.8	1.0	4.0	11.0
11.0	1.0	4.0	9.0
11.2	1.0	4.0	11.0
11.4	1.0	3.0	13.0
11.6	1.0	5.0	13.0
11.8	2.0	3.0	17.0
12.0	1.0	3.0	17.0
12.2	2.0	5.0	19.0
12.4	2.0	4.0	22.0
12.6	2.0	3.0	22.0
12.8	1.0	5.0	23.0
13.0	3.0	8.0	27.0
13.2	2.0	7.0	22.0
13.4	3.0	6.0	25.0
13.6	1.0	6.0	23.0
13.8	2.0	10.0	25.0
14.0	2.0	8.0	25.0
14.2	1.0	9.0	24.0
14.4	2.0	8.0	22.0
14.6	2.0	11.0	28.0
14.8	2.0	11.0	21.0
15.0	3.0	10.0	24.0
15.2	3.0	13.0	22.0
15.4	3.0	14.0	23.0
15.6	4.0	13.0	22.0
15.8	4.0	12.0	21.0
16.0	3.0	13.0	20.0
16.2	5.0	11.0	16.0
16.4	3.0	11.0	18.0
16.6	4.0	9.0	18.0
16.7	3.0	14.0	21.0
17.0	4.0	11.0	13.0
17.2	4.0	11.0	11.0
17.4	3.0	8.0	14.0
17.6	3.0	8.0	17.0
17.7	3.0	7.0	16.0
18.0	4.0	9.0	14.0
18.2	4.0	6.0	14.0
18.4	3.0	7.0	12.0
18.6	1.0	7.0	13.0
18.7	2.0	7.0	10.0
19.0	3.0	5.0	10.0
19.2	3.0	6.0	11.0
19.4	3.0	7.0	11.0
19.6	5.0	5.0	14.0
19.7	3.0	6.0	11.0
20.0	3.0	6.0	9.0
20.2	1.0	6.0	9.0
20.4	4.0	6.0	8.0
20.6	3.0	4.0	11.0
20.7	3.0	3.0	9.0
21.0	3.0	5.0	10.0
21.2	4.0	7.0	10.0
21.4	3.0	4.0	8.0
21.6	1.0	6.0	9.0
21.7	4.0	4.0	9.0
22.0	4.0	4.0	11.0
22.2	5.0	4.0	10.0
22.4	2.0	4.0	10.0
22.6	2.0	6.0	8.0
22.7	3.0	6.0	8.0
23.0	3.0	6.0	10.0
23.2	4.0	2.0	8.0
23.4	3.0	3.0	8.0
23.6	5.0	6.0	12.0
23.8	5.0	7.0	13.0
24.0	6.0	5.0	12.0
24.2	5.0	7.0	13.0
24.4	4.0	9.0	13.0
24.6	5.0	7.0	12.0
24.8	9.0	7.0	14.0
25.0	5.0	10.0	10.0
25.2	9.0	10.0	16.0
25.4	8.0	11.0	19.0
25.6	6.0	12.0	16.0
25.8	6.0	9.0	16.0
26.0	9.0	9.0	16.0
26.2	6.0	9.0	19.0
26.4	11.0	11.0	14.0
26.6	7.0	7.0	13.0
26.8	11.0	17.0	19.0
27.0	11.0	14.0	20.0
27.2	13.0	16.0	21.0
27.4	14.0	14.0	18.0
27.6	12.0	15.0	14.0
27.8	10.0	13.0	19.0
28.0	13.0	17.0	19.0
28.2	8.0	17.0	17.0
28.4	16.0	19.0	21.0
28.6	17.0	18.0	23.0
28.8	21.0	22.0	25.0
29.0	19.0	22.0	26.0
29.2	17.0	21.0	31.0
29.4	15.0	20.0	24.0
29.6	16.0	22.0	26.0
29.8	16.0	22.0	27.0
30.0	19.0	29.0	30.0
30.2	21.0	27.0	37.0
30.4	23.0	31.0	38.0
30.6	23.0	26.0	35.0
30.8	23.0	31.0	36.0
31.0	23.0	27.0	29.0
31.2	28.0	30.0	33.0
31.4	20.0	28.0	30.0
31.6	28.0	32.0	45.0
31.8	27.0	37.0	45.0
32.0	30.0	38.0	40.0
32.2	26.0	38.0	38.0
32.4	25.0	40.0	43.0
32.5	30.0	32.0	42.0
32.8	26.0	37.0	51.0
33.0	28.0	31.0	40.0
33.2	34.0	36.0	52.0
33.4	31.0	39.0	46.0
33.5	30.0	34.0	43.0
33.8	30.0	40.0	49.0
34.0	35.0	40.0	51.0
34.2	29.0	34.0	42.0
34.4	30.0	38.0	45.0
34.5	32.0	36.0	39.0
34.8	33.0	43.0	43.0
35.0	28.0	40.0	44.0
35.2	31.0	35.0	45.0
35.4	33.0	36.0	45.0
35.5	30.0	36.0	48.0
35.8	28.0	33.0	37.0
36.0	30.0	33.0	42.0
36.2	27.0	30.0	38.0
36.4	25.0	35.0	40.0
36.5	26.0	35.0	44.0
36.8	27.0	33.0	39.0
37.0	29.0	35.0	35.0
37.2	31.0	35.0	35.0
37.4	23.0	37.0	34.0
37.5	25.0	32.0	37.0
37.8	23.0	29.0	38.0
38.0	27.0	32.0	36.0
38.2	23.0	33.0	36.0
38.4	25.0	32.0	37.0
38.5	27.0	35.0	33.0
38.8	25.0	33.0	40.0
39.0	22.0	33.0	40.0
39.2	25.0	34.0	36.0
39.4	29.0	31.0	31.0
39.5	21.0	26.0	36.0
39.8	25.0	26.0	31.0
40.0	24.0	28.0	34.0
