Detector angle	Rate at 25kV	Rate at 30kV	Rate at 35kV
2*theta/°	R(25kV)/Imp/s	R(30kV)/Imp/s	R(35kV)/Imp/s

6.0	1.0	7.0	50.0
6.2	2.0	5.0	26.0
6.4	2.0	4.0	15.0
6.6	0.0	3.0	13.0
6.8	1.0	5.0	12.0
7.0	1.0	2.0	10.0
7.2	0.0	4.0	9.0
7.4	1.0	5.0	9.0
7.6	1.0	4.0	9.0
7.8	2.0	3.0	9.0
8.0	1.0	2.0	8.0
8.2	1.0	2.0	6.0
8.3	0.0	2.0	9.0
8.6	0.0	2.0	9.0
8.8	1.0	2.0	6.0
9.0	1.0	3.0	7.0
9.2	2.0	1.0	7.0
9.3	0.0	2.0	7.0
9.6	1.0	3.0	7.0
9.8	1.0	1.0	5.0
10.0	2.0	3.0	5.0
10.2	1.0	2.0	6.0
10.3	0.0	1.0	6.0
10.6	0.0	2.0	7.0
10.8	1.0	2.0	5.0
11.0	0.0	3.0	7.0
11.2	2.0	1.0	8.0
11.4	1.0	2.0	10.0
11.6	0.0	4.0	8.0
11.8	1.0	3.0	12.0
12.0	0.0	3.0	15.0
12.2	0.0	2.0	16.0
12.4	1.0	4.0	23.0
12.6	1.0	2.0	24.0
12.8	1.0	3.0	28.0
13.0	0.0	2.0	26.0
13.2	0.0	4.0	29.0
13.4	2.0	6.0	29.0
13.6	2.0	7.0	32.0
13.8	1.0	13.0	34.0
14.0	1.0	16.0	37.0
14.2	1.0	13.0	40.0
14.4	0.0	13.0	42.0
14.6	1.0	20.0	39.0
14.8	1.0	23.0	40.0
15.0	1.0	19.0	45.0
15.2	1.0	27.0	46.0
15.4	2.0	26.0	48.0
15.6	3.0	24.0	42.0
15.8	8.0	29.0	47.0
16.0	5.0	29.0	51.0
16.2	6.0	27.0	51.0
16.4	9.0	32.0	52.0
16.6	13.0	32.0	55.0
16.7	12.0	33.0	46.0
17.0	14.0	28.0	49.0
17.2	13.0	41.0	54.0
17.4	17.0	34.0	50.0
17.6	13.0	34.0	52.0
17.7	15.0	34.0	48.0
18.0	20.0	37.0	54.0
18.2	20.0	42.0	55.0
18.4	21.0	34.0	52.0
18.6	16.0	42.0	57.0
18.7	21.0	37.0	56.0
19.0	22.0	44.0	49.0
19.2	30.0	42.0	63.0
19.4	21.0	41.0	59.0
19.6	22.0	44.0	59.0
19.7	22.0	46.0	62.0
20.0	25.0	46.0	62.0
20.2	31.0	45.0	70.0
20.4	32.0	46.0	71.0
20.6	27.0	45.0	65.0
20.7	31.0	57.0	70.0
21.0	29.0	53.0	71.0
21.2	37.0	55.0	69.0
21.4	33.0	56.0	68.0
21.6	36.0	57.0	73.0
21.7	35.0	53.0	76.0
22.0	45.0	57.0	76.0
22.2	37.0	57.0	80.0
22.4	40.0	54.0	84.0
22.6	39.0	56.0	75.0
22.7	39.0	60.0	80.0
23.0	43.0	57.0	78.0
23.2	41.0	60.0	71.0
23.4	45.0	65.0	89.0
23.6	41.0	64.0	82.0
23.8	44.0	59.0	86.0
24.0	40.0	63.0	79.0
24.2	48.0	60.0	74.0
24.4	42.0	55.0	82.0
24.6	42.0	57.0	74.0
24.8	43.0	51.0	82.0
25.0	48.0	57.0	69.0
25.2	43.0	60.0	72.0
25.4	44.0	52.0	76.0
25.6	42.0	56.0	70.0
25.8	41.0	62.0	79.0
26.0	45.0	56.0	70.0
26.2	44.0	57.0	73.0
26.4	43.0	51.0	76.0
26.6	39.0	55.0	75.0
26.8	39.0	56.0	72.0
27.0	42.0	52.0	71.0
27.2	35.0	49.0	69.0
27.4	36.0	43.0	62.0
27.6	31.0	47.0	59.0
27.8	27.0	45.0	61.0
28.0	31.0	41.0	50.0
28.2	25.0	42.0	56.0
28.4	30.0	41.0	47.0
28.6	28.0	40.0	51.0
28.8	31.0	41.0	45.0
29.0	33.0	37.0	49.0
29.2	27.0	36.0	53.0
29.4	21.0	40.0	53.0
29.6	25.0	36.0	48.0
29.8	24.0	38.0	44.0
30.0	27.0	42.0	46.0
30.2	22.0	38.0	44.0
30.4	26.0	34.0	45.0
30.6	24.0	34.0	45.0
30.8	25.0	36.0	45.0
31.0	30.0	36.0	50.0
31.2	26.0	34.0	46.0
31.4	21.0	31.0	40.0
31.6	22.0	31.0	40.0
31.8	22.0	33.0	36.0
32.0	26.0	32.0	40.0
32.2	25.0	29.0	38.0
32.4	20.0	30.0	36.0
32.5	20.0	30.0	34.0
32.8	21.0	31.0	42.0
33.0	23.0	29.0	35.0
33.2	18.0	34.0	42.0
33.4	25.0	31.0	42.0
33.5	18.0	27.0	36.0
33.8	20.0	26.0	34.0
34.0	25.0	29.0	35.0
34.2	21.0	28.0	35.0
34.4	21.0	31.0	34.0
34.5	16.0	31.0	33.0
34.8	20.0	30.0	41.0
35.0	24.0	29.0	29.0
35.2	21.0	29.0	34.0
35.4	16.0	23.0	29.0
35.5	15.0	28.0	32.0
35.8	16.0	21.0	28.0
36.0	16.0	23.0	26.0
36.2	18.0	26.0	27.0
36.4	16.0	24.0	25.0
36.5	16.0	25.0	31.0
36.8	19.0	22.0	27.0
37.0	19.0	20.0	28.0
37.2	17.0	23.0	28.0
37.4	16.0	21.0	28.0
37.5	17.0	24.0	23.0
37.8	16.0	21.0	31.0
38.0	23.0	22.0	25.0
38.2	16.0	17.0	26.0
38.4	14.0	23.0	25.0
38.5	15.0	22.0	25.0
38.8	18.0	21.0	28.0
39.0	17.0	21.0	29.0
39.2	17.0	21.0	23.0
39.4	16.0	22.0	23.0
39.5	15.0	20.0	23.0
39.8	17.0	21.0	18.0
40.0	17.0	19.0	27.0
40.2	13.0	17.0	26.0
40.4	17.0	20.0	28.0
40.5	20.0	29.0	33.0
40.8	46.0	63.0	81.0
41.0	184.0	271.0	339.0
41.2	248.0	365.0	476.0
41.4	204.0	308.0	414.0
41.5	74.0	104.0	136.0
41.8	22.0	33.0	47.0
42.0	21.0	27.0	32.0
