Detector angle	Rate at 25kV	Rate at 30kV	Rate at 35kV
2*theta/°	R(25kV)/Imp/s	R(30kV)/Imp/s	R(35kV)/Imp/s

6.0	3.0	10.0	78.0
6.2	2.0	10.0	42.0
6.4	2.0	7.0	23.0
6.6	1.0	5.0	19.0
6.8	1.0	5.0	17.0
7.0	1.0	6.0	16.0
7.2	2.0	4.0	15.0
7.4	2.0	4.0	14.0
7.6	1.0	4.0	16.0
7.8	2.0	5.0	13.0
8.0	2.0	4.0	10.0
8.2	1.0	5.0	10.0
8.3	1.0	4.0	9.0
8.6	0.0	3.0	9.0
8.8	1.0	3.0	11.0
9.0	0.0	4.0	9.0
9.2	1.0	4.0	7.0
9.3	1.0	4.0	8.0
9.6	2.0	2.0	7.0
9.8	1.0	3.0	7.0
10.0	0.0	4.0	5.0
10.2	1.0	2.0	7.0
10.3	2.0	2.0	6.0
10.6	1.0	4.0	6.0
10.8	0.0	2.0	6.0
11.0	1.0	2.0	6.0
11.2	1.0	3.0	7.0
11.4	1.0	2.0	4.0
11.6	1.0	3.0	8.0
11.8	1.0	1.0	8.0
12.0	1.0	2.0	12.0
12.2	1.0	2.0	13.0
12.4	1.0	2.0	17.0
12.6	1.0	2.0	18.0
12.8	1.0	4.0	20.0
13.0	1.0	4.0	21.0
13.2	1.0	2.0	25.0
13.4	1.0	4.0	25.0
13.6	1.0	4.0	28.0
13.8	0.0	8.0	23.0
14.0	2.0	6.0	31.0
14.2	2.0	10.0	33.0
14.4	1.0	11.0	32.0
14.6	1.0	10.0	28.0
14.8	2.0	15.0	38.0
15.0	2.0	15.0	35.0
15.2	1.0	16.0	30.0
15.4	2.0	14.0	31.0
15.6	3.0	17.0	32.0
15.8	2.0	17.0	29.0
16.0	3.0	17.0	29.0
16.2	5.0	17.0	34.0
16.4	6.0	19.0	34.0
16.6	5.0	21.0	34.0
16.7	8.0	22.0	34.0
17.0	6.0	18.0	33.0
17.2	9.0	22.0	37.0
17.4	11.0	21.0	34.0
17.6	11.0	24.0	32.0
17.7	12.0	22.0	38.0
18.0	10.0	22.0	33.0
18.2	12.0	27.0	31.0
18.4	16.0	22.0	33.0
18.6	14.0	25.0	36.0
18.7	16.0	27.0	43.0
19.0	8.0	20.0	30.0
19.2	13.0	22.0	32.0
19.4	15.0	28.0	32.0
19.6	15.0	24.0	38.0
19.7	17.0	25.0	35.0
20.0	17.0	32.0	36.0
20.2	17.0	30.0	42.0
20.4	17.0	28.0	40.0
20.6	17.0	34.0	37.0
20.7	21.0	29.0	43.0
21.0	22.0	29.0	42.0
21.2	18.0	30.0	44.0
21.4	23.0	34.0	42.0
21.6	19.0	32.0	46.0
21.7	22.0	32.0	46.0
22.0	20.0	39.0	51.0
22.2	22.0	38.0	47.0
22.4	27.0	33.0	50.0
22.6	25.0	34.0	44.0
22.7	23.0	40.0	50.0
23.0	24.0	35.0	49.0
23.2	26.0	41.0	48.0
23.4	26.0	43.0	49.0
23.6	32.0	40.0	51.0
23.8	32.0	41.0	55.0
24.0	26.0	37.0	50.0
24.2	28.0	41.0	51.0
24.4	26.0	40.0	53.0
24.6	28.0	37.0	41.0
24.8	25.0	36.0	48.0
25.0	25.0	35.0	55.0
25.2	28.0	38.0	48.0
25.4	23.0	37.0	49.0
25.6	28.0	35.0	51.0
25.8	25.0	37.0	42.0
26.0	30.0	39.0	52.0
26.2	27.0	37.0	46.0
26.4	27.0	38.0	47.0
26.6	28.0	39.0	51.0
26.8	24.0	34.0	50.0
27.0	23.0	36.0	49.0
27.2	29.0	33.0	54.0
27.4	25.0	33.0	42.0
27.6	27.0	33.0	43.0
27.8	21.0	31.0	32.0
28.0	21.0	25.0	40.0
28.2	17.0	25.0	36.0
28.4	21.0	28.0	39.0
28.6	20.0	32.0	32.0
28.8	21.0	28.0	32.0
29.0	17.0	29.0	37.0
29.2	21.0	25.0	29.0
29.4	14.0	25.0	32.0
29.6	17.0	24.0	33.0
29.8	17.0	24.0	29.0
30.0	17.0	25.0	30.0
30.2	15.0	19.0	29.0
30.4	14.0	22.0	30.0
30.6	16.0	21.0	26.0
30.8	17.0	22.0	26.0
31.0	15.0	20.0	26.0
31.2	14.0	18.0	28.0
31.4	15.0	22.0	24.0
31.6	17.0	22.0	25.0
31.8	16.0	19.0	23.0
32.0	15.0	21.0	28.0
32.2	13.0	19.0	26.0
32.4	13.0	19.0	25.0
32.5	13.0	19.0	25.0
32.8	14.0	22.0	24.0
33.0	14.0	18.0	18.0
33.2	12.0	16.0	21.0
33.4	17.0	17.0	25.0
33.5	14.0	0.0	22.0
33.8	11.0	15.0	16.0
34.0	11.0	16.0	25.0
34.2	12.0	19.0	22.0
34.4	13.0	17.0	21.0
34.5	13.0	16.0	18.0
34.8	13.0	13.0	17.0
35.0	13.0	18.0	18.0
35.2	11.0	16.0	22.0
35.4	11.0	12.0	16.0
35.5	11.0	15.0	19.0
35.8	11.0	11.0	16.0
36.0	10.0	15.0	15.0
36.2	10.0	12.0	16.0
36.4	8.0	14.0	19.0
36.5	10.0	10.0	17.0
36.8	10.0	11.0	13.0
37.0	11.0	10.0	15.0
37.2	8.0	12.0	17.0
37.4	9.0	11.0	17.0
37.5	8.0	11.0	14.0
37.8	8.0	11.0	14.0
38.0	11.0	13.0	15.0
38.2	11.0	11.0	14.0
38.4	11.0	17.0	16.0
38.5	10.0	14.0	17.0
38.8	9.0	9.0	15.0
39.0	8.0	11.0	14.0
39.2	11.0	11.0	11.0
39.4	11.0	8.0	11.0
39.5	10.0	10.0	15.0
39.8	7.0	10.0	18.0
40.0	10.0	10.0	14.0
40.2	6.0	10.0	13.0
40.4	8.0	11.0	14.0
40.5	9.0	12.0	13.0
40.8	24.0	31.0	41.0
41.0	44.0	69.0	87.0
41.2	114.0	165.0	213.0
41.4	133.0	208.0	276.0
41.5	43.0	79.0	103.0
41.8	8.0	15.0	18.0
42.0	13.0	15.0	20.0
