Detector angle	Rate at 35kV
2*theta/°	R(35kV)/Imp/s

10.0	37.0
10.2	40.0
10.3	34.0
10.6	34.0
10.8	30.0
11.0	35.0
11.2	27.0
11.4	27.0
11.6	31.0
11.8	27.0
12.0	29.0
12.2	25.0
12.4	22.0
12.6	23.0
12.8	24.0
13.0	21.0
13.2	22.0
13.4	24.0
13.6	21.0
13.8	24.0
14.0	23.0
14.2	25.0
14.4	22.0
14.6	17.0
14.8	19.0
15.0	26.0
15.2	23.0
15.4	28.0
15.6	21.0
15.8	25.0
16.0	23.0
16.2	27.0
16.4	24.0
16.6	30.0
16.7	31.0
17.0	24.0
17.2	33.0
17.4	31.0
17.6	33.0
17.7	33.0
18.0	33.0
18.2	34.0
18.4	32.0
18.6	31.0
18.7	37.0
19.0	35.0
19.2	30.0
19.4	30.0
19.6	34.0
19.7	32.0
20.0	35.0
20.2	30.0
20.4	28.0
20.6	36.0
20.7	31.0
21.0	33.0
21.2	33.0
21.4	29.0
21.6	32.0
21.7	33.0
22.0	31.0
22.2	27.0
22.4	33.0
22.6	31.0
22.7	31.0
23.0	29.0
23.2	31.0
23.4	31.0
23.6	29.0
23.8	34.0
24.0	34.0
24.2	33.0
24.4	30.0
24.6	32.0
24.8	38.0
25.0	46.0
25.2	74.0
25.4	86.0
25.6	123.0
25.8	128.0
26.0	78.0
26.2	43.0
26.4	41.0
26.6	41.0
26.8	40.0
27.0	46.0
27.2	50.0
27.4	52.0
27.6	67.0
27.8	199.0
28.0	288.0
28.2	468.0
28.4	772.0
28.6	1939.0
28.8	76.0
29.0	49.0
29.2	38.0
29.4	46.0
29.6	39.0
29.8	45.0
30.0	39.0
30.2	39.0
30.4	41.0
30.6	33.0
30.8	38.0
31.0	35.0
31.2	34.0
31.4	39.0
31.6	34.0
31.8	37.0
32.0	37.0
32.2	34.0
32.4	32.0
32.5	37.0
32.8	38.0
33.0	34.0
33.2	37.0
33.4	34.0
33.5	36.0
33.8	38.0
34.0	38.0
34.2	43.0
34.4	43.0
34.5	44.0
34.8	39.0
35.0	41.0
35.2	44.0
35.4	35.0
35.5	43.0
35.8	42.0
36.0	36.0
36.2	41.0
36.4	36.0
36.5	44.0
36.8	35.0
37.0	38.0
37.2	37.0
37.4	35.0
37.5	40.0
37.8	32.0
38.0	30.0
38.2	38.0
38.4	35.0
38.5	32.0
38.8	37.0
39.0	38.0
39.2	33.0
39.4	37.0
39.5	37.0
39.8	34.0
40.0	35.0
40.2	38.0
40.4	37.0
40.5	31.0
40.8	30.0
41.0	34.0
41.2	36.0
41.4	35.0
41.5	33.0
41.8	34.0
42.0	33.0
42.2	31.0
42.4	31.0
42.5	31.0
42.8	28.0
43.0	32.0
43.2	33.0
43.4	29.0
43.5	35.0
43.8	40.0
44.0	33.0
44.2	36.0
44.4	33.0
44.5	33.0
44.8	33.0
45.0	33.0
45.2	28.0
45.4	27.0
45.5	31.0
45.8	28.0
46.0	28.0
46.2	33.0
46.4	26.0
46.5	29.0
46.8	26.0
47.0	29.0
47.2	29.0
47.4	29.0
47.5	30.0
47.8	31.0
48.0	31.0
48.2	29.0
48.4	29.0
48.5	27.0
48.8	31.0
49.0	31.0
49.2	27.0
49.4	30.0
49.6	27.0
49.8	33.0
50.0	34.0
50.2	35.0
50.4	36.0
50.6	56.0
50.8	142.0
51.0	300.0
51.2	211.0
51.4	55.0
51.6	41.0
51.8	34.0
52.0	40.0
52.2	38.0
52.4	39.0
52.6	31.0
52.8	35.0
53.0	39.0
53.2	39.0
53.4	30.0
53.6	39.0
53.8	35.0
54.0	32.0
54.2	41.0
54.4	36.0
54.6	39.0
54.8	37.0
55.0	37.0
55.2	40.0
55.4	42.0
55.6	43.0
55.8	46.0
56.0	55.0
56.2	91.0
56.4	252.0
56.6	905.0
56.8	1146.0
57.0	678.0
57.2	87.0
57.4	45.0
57.6	39.0
57.8	37.0
58.0	33.0
58.2	32.0
58.4	34.0
58.6	29.0
58.8	30.0
59.0	29.0
59.2	31.0
59.4	30.0
59.6	33.0
59.8	35.0
60.0	30.0
60.2	30.0
60.4	25.0
60.6	30.0
60.8	33.0
61.0	28.0
61.2	31.0
61.4	29.0
61.6	27.0
61.8	29.0
62.0	30.0
62.2	29.0
62.4	26.0
62.6	25.0
62.8	28.0
63.0	28.0
63.2	29.0
63.4	27.0
63.6	26.0
63.8	27.0
64.0	26.0
64.1	32.0
64.4	23.0
64.6	31.0
64.8	29.0
65.0	24.0
65.1	25.0
65.4	27.0
65.6	27.0
65.8	24.0
66.0	26.0
66.1	20.0
66.4	26.0
66.6	27.0
66.8	31.0
67.0	27.0
67.1	24.0
67.4	26.0
67.6	29.0
67.8	27.0
68.0	22.0
68.1	25.0
68.4	28.0
68.6	20.0
68.8	26.0
69.0	24.0
69.1	24.0
69.4	22.0
69.6	28.0
69.8	25.0
70.0	27.0
70.1	24.0
70.4	20.0
70.6	25.0
70.8	27.0
71.0	28.0
71.1	25.0
71.4	24.0
71.6	24.0
71.8	23.0
72.0	23.0
72.1	24.0
72.4	27.0
72.6	27.0
72.8	24.0
73.0	24.0
73.1	24.0
73.4	27.0
73.6	21.0
73.8	27.0
74.0	24.0
74.1	23.0
74.4	24.0
74.6	23.0
74.8	21.0
75.0	26.0
75.1	26.0
75.4	25.0
75.6	24.0
75.8	30.0
76.0	23.0
76.1	26.0
76.4	23.0
76.6	25.0
76.8	21.0
77.0	23.0
77.1	20.0
77.4	24.0
77.6	25.0
77.8	25.0
78.0	27.0
78.1	24.0
78.4	22.0
78.6	21.0
78.8	26.0
79.0	27.0
79.1	32.0
79.4	46.0
79.6	62.0
79.8	34.0
80.0	22.0
80.1	23.0
80.4	27.0
80.6	23.0
80.8	23.0
81.0	24.0
81.1	25.0
81.4	24.0
81.6	20.0
81.8	26.0
82.0	22.0
82.1	24.0
82.4	21.0
82.6	22.0
82.8	27.0
83.0	25.0
83.1	26.0
83.4	23.0
83.6	23.0
83.8	26.0
84.0	20.0
84.1	27.0
84.4	27.0
84.6	21.0
84.8	22.0
85.0	26.0
85.1	23.0
85.4	21.0
85.6	22.0
85.8	22.0
86.0	23.0
86.1	24.0
86.4	22.0
86.6	28.0
86.8	23.0
87.0	25.0
87.1	23.0
87.4	25.0
87.6	28.0
87.8	26.0
88.0	25.0
88.1	31.0
88.4	28.0
88.6	28.0
88.8	27.0
89.0	30.0
89.1	28.0
89.4	40.0
89.6	66.0
89.8	106.0
90.0	138.0
90.1	88.0
90.4	36.0
90.6	27.0
90.8	24.0
91.0	30.0
91.1	22.0
91.4	26.0
91.6	24.0
91.8	24.0
92.0	23.0
92.1	28.0
92.4	28.0
92.6	24.0
92.8	27.0
93.0	27.0
93.1	24.0
93.4	22.0
93.6	21.0
93.8	23.0
94.0	20.0
94.1	23.0
94.4	19.0
94.6	24.0
94.8	23.0
95.0	27.0
95.1	27.0
95.4	26.0
95.6	21.0
95.8	20.0
96.0	25.0
96.1	23.0
96.4	25.0
96.6	18.0
96.8	19.0
97.0	27.0
97.1	21.0
97.4	24.0
97.6	19.0
97.8	22.0
98.0	24.0
98.1	20.0
98.4	25.0
98.6	22.0
98.8	22.0
99.0	23.0
99.1	24.0
99.4	25.0
99.6	25.0
99.8	24.0
100.0	25.0
100.1	23.0
100.4	21.0
100.6	21.0
100.8	21.0
101.0	18.0
101.2	21.0
101.4	25.0
101.6	23.0
101.8	23.0
102.0	21.0
102.2	20.0
102.4	26.0
102.6	23.0
102.8	21.0
103.0	24.0
103.2	21.0
103.4	27.0
103.6	19.0
103.8	18.0
104.0	24.0
104.2	21.0
104.4	23.0
104.6	22.0
104.8	22.0
105.0	21.0
105.2	24.0
105.4	25.0
105.6	26.0
105.8	27.0
106.0	23.0
106.2	26.0
106.4	25.0
106.6	21.0
106.8	21.0
107.0	20.0
107.2	21.0
107.4	25.0
107.6	20.0
107.8	25.0
108.0	21.0
108.2	20.0
108.4	26.0
108.6	27.0
108.8	23.0
109.0	23.0
109.2	22.0
109.4	22.0
109.6	20.0
109.8	20.0
110.0	17.0
