Detector angle	Rate at 35kV
2*theta/°	R(35kV)/Imp/s

10.0	17.0
11.0	14.0
12.0	12.0
13.0	24.0
14.0	30.0
15.0	32.0
16.0	30.0
17.0	30.0
18.0	33.0
19.0	45.0
20.0	47.0
21.0	48.0
22.0	54.0
23.0	74.0
24.0	74.0
25.0	71.0
26.0	64.0
27.0	73.0
28.0	60.0
29.0	54.0
30.0	60.0
31.0	55.0
32.0	48.0
33.0	50.0
34.0	48.0
35.0	51.0
36.0	44.0
37.0	41.0
38.0	37.0
39.0	40.0
40.0	38.0
41.0	311.0
42.0	60.0
43.0	45.0
44.0	47.0
45.0	57.0
46.0	2054.0
47.0	39.0
48.0	29.0
49.0	24.0
50.0	24.0
51.0	20.0
52.0	18.0
53.0	17.0
54.0	13.0
55.0	12.0
56.0	13.0
57.0	11.0
58.0	10.0
59.0	7.0
60.0	9.0
61.0	9.0
62.0	8.0
63.0	5.0
64.0	6.0
65.0	7.0
66.0	6.0
67.0	5.0
68.0	5.0
69.0	7.0
70.0	2.0
71.0	5.0
72.0	5.0
73.0	5.0
74.0	4.0
75.0	4.0
76.0	2.0
77.0	4.0
78.0	2.0
79.0	4.0
80.0	4.0
81.0	2.0
82.0	2.0
83.0	3.0
84.0	3.0
85.0	4.0
86.0	3.0
87.0	2.0
88.0	41.0
89.0	6.0
90.0	4.0
91.0	3.0
92.0	3.0
93.0	3.0
94.0	4.0
95.0	2.0
96.0	3.0
97.0	4.0
98.0	3.0
99.0	5.0
100.0	23.0
101.0	81.0
102.0	4.0
103.0	3.0
104.0	1.0
105.0	3.0
106.0	3.0
107.0	2.0
108.0	2.0
109.0	2.0
110.0	2.0
