Detector angle	Rate at 25kV	Rate at 30kV	Rate at 35kV
2*theta/°	R(25kV)/Imp/s	R(30kV)/Imp/s	R(35kV)/Imp/s

10.0	4.0	12.0	30.0
10.2	5.0	13.0	30.0
10.3	4.0	12.0	31.0
10.6	4.0	8.0	25.0
10.8	4.0	11.0	26.0
11.0	4.0	11.0	25.0
11.2	4.0	11.0	31.0
11.4	4.0	9.0	30.0
11.6	5.0	12.0	29.0
11.8	4.0	11.0	32.0
12.0	4.0	11.0	33.0
12.2	6.0	11.0	35.0
12.4	4.0	10.0	37.0
12.6	3.0	14.0	45.0
12.8	5.0	12.0	45.0
13.0	5.0	12.0	38.0
13.2	4.0	13.0	47.0
13.4	5.0	15.0	46.0
13.6	5.0	18.0	46.0
13.8	5.0	15.0	46.0
14.0	4.0	20.0	43.0
14.2	4.0	14.0	41.0
14.4	6.0	20.0	45.0
14.6	6.0	22.0	44.0
14.8	6.0	20.0	43.0
15.0	5.0	22.0	45.0
15.2	6.0	23.0	40.0
15.4	6.0	23.0	38.0
15.6	6.0	21.0	37.0
15.8	5.0	20.0	39.0
16.0	6.0	20.0	38.0
16.2	8.0	19.0	39.0
16.4	7.0	20.0	33.0
16.6	11.0	21.0	34.0
16.7	9.0	17.0	38.0
17.0	10.0	15.0	36.0
17.2	9.0	18.0	28.0
17.4	11.0	17.0	32.0
17.6	7.0	17.0	34.0
17.7	7.0	17.0	29.0
18.0	9.0	14.0	33.0
18.2	7.0	14.0	25.0
18.4	8.0	13.0	31.0
18.6	7.0	17.0	24.0
18.7	7.0	14.0	26.0
19.0	9.0	17.0	24.0
19.2	8.0	14.0	22.0
19.4	6.0	15.0	25.0
19.6	7.0	11.0	25.0
19.7	6.0	16.0	23.0
20.0	7.0	9.0	25.0
20.2	7.0	12.0	23.0
20.4	9.0	15.0	19.0
20.6	8.0	10.0	24.0
20.7	7.0	12.0	24.0
21.0	6.0	12.0	23.0
21.2	4.0	12.0	21.0
21.4	7.0	11.0	21.0
21.6	5.0	10.0	23.0
21.7	5.0	14.0	24.0
22.0	7.0	13.0	23.0
22.2	4.0	11.0	23.0
22.4	5.0	14.0	27.0
22.6	5.0	15.0	23.0
22.7	7.0	15.0	25.0
23.0	7.0	13.0	29.0
23.2	6.0	13.0	26.0
23.4	7.0	15.0	22.0
23.6	12.0	15.0	30.0
23.8	7.0	16.0	24.0
24.0	9.0	17.0	29.0
24.2	10.0	17.0	36.0
24.4	8.0	19.0	30.0
24.6	10.0	15.0	31.0
24.8	9.0	19.0	32.0
25.0	13.0	17.0	29.0
25.2	14.0	23.0	35.0
25.4	14.0	22.0	37.0
25.6	15.0	25.0	35.0
25.8	15.0	22.0	37.0
26.0	20.0	25.0	38.0
26.2	10.0	21.0	30.0
26.4	16.0	27.0	36.0
26.6	13.0	26.0	33.0
26.8	20.0	32.0	44.0
27.0	22.0	30.0	46.0
27.2	21.0	35.0	44.0
27.4	20.0	32.0	47.0
27.6	18.0	31.0	40.0
27.8	21.0	29.0	45.0
28.0	26.0	27.0	45.0
28.2	22.0	26.0	48.0
28.4	28.0	41.0	54.0
28.6	28.0	37.0	56.0
28.8	26.0	41.0	64.0
29.0	29.0	39.0	57.0
29.2	29.0	44.0	57.0
29.4	27.0	35.0	53.0
29.6	30.0	48.0	67.0
29.8	26.0	43.0	53.0
30.0	36.0	53.0	65.0
30.2	37.0	50.0	67.0
30.4	33.0	53.0	66.0
30.6	44.0	52.0	68.0
30.8	38.0	57.0	68.0
31.0	35.0	50.0	63.0
31.2	41.0	51.0	65.0
31.4	36.0	47.0	69.0
31.6	45.0	57.0	75.0
31.8	43.0	54.0	70.0
32.0	45.0	66.0	78.0
32.2	40.0	53.0	72.0
32.4	44.0	59.0	74.0
32.5	49.0	56.0	75.0
32.8	48.0	68.0	72.0
33.0	39.0	55.0	67.0
33.2	49.0	66.0	86.0
33.4	46.0	57.0	75.0
33.5	50.0	67.0	78.0
33.8	47.0	64.0	72.0
34.0	49.0	64.0	72.0
34.2	45.0	59.0	73.0
34.4	48.0	53.0	73.0
34.5	46.0	62.0	74.0
34.8	49.0	63.0	78.0
35.0	52.0	64.0	76.0
35.2	50.0	61.0	80.0
35.4	48.0	65.0	73.0
35.5	47.0	59.0	74.0
35.8	43.0	56.0	75.0
36.0	47.0	59.0	66.0
36.2	47.0	54.0	68.0
36.4	45.0	60.0	75.0
36.5	50.0	61.0	76.0
36.8	48.0	64.0	73.0
37.0	42.0	61.0	70.0
37.2	47.0	60.0	65.0
37.4	46.0	56.0	67.0
37.5	43.0	54.0	66.0
37.8	43.0	57.0	76.0
38.0	39.0	55.0	71.0
38.2	40.0	56.0	66.0
38.4	53.0	58.0	74.0
38.5	52.0	55.0	75.0
38.8	42.0	57.0	70.0
39.0	39.0	53.0	67.0
39.2	42.0	47.0	70.0
39.4	42.0	51.0	68.0
39.5	43.0	55.0	62.0
39.8	38.0	55.0	66.0
40.0	40.0	58.0	64.0
