Detector angle	Rate at 25kV	Rate at 30kV	Rate at 35kV
2*theta/°	R(25kV)/Imp/s	R(30kV)/Imp/s	R(35kV)/Imp/s

10.0	7.0	24.0	68.0
11.0	6.0	23.0	57.0
12.0	12.0	20.0	73.0
13.0	10.0	28.0	84.0
14.0	12.0	39.0	87.0
15.0	10.0	41.0	82.0
16.0	13.0	42.0	79.0
17.0	13.0	41.0	66.0
18.0	18.0	32.0	58.0
19.0	14.0	27.0	56.0
20.0	12.0	26.0	47.0
21.0	13.0	27.0	48.0
22.0	13.0	29.0	48.0
23.0	12.0	26.0	49.0
24.0	27.0	37.0	58.0
25.0	23.0	40.0	62.0
26.0	30.0	48.0	74.0
27.0	47.0	65.0	103.0
28.0	45.0	64.0	97.0
29.0	65.0	85.0	120.0
30.0	70.0	105.0	135.0
31.0	72.0	106.0	127.0
32.0	100.0	132.0	158.0
33.0	87.0	117.0	155.0
34.0	99.0	134.0	161.0
35.0	90.0	131.0	158.0
36.0	101.0	116.0	146.0
37.0	86.0	116.0	141.0
38.0	80.0	113.0	133.0
39.0	94.0	111.0	137.0
40.0	84.0	102.0	130.0
