Detector angle	Rate at 35kV
2*theta/°	R(35kV)/Imp/s

10.0	6.0
11.0	7.0
12.0	4.0
13.0	6.0
14.0	5.0
15.0	5.0
16.0	6.0
17.0	8.0
18.0	10.0
19.0	9.0
20.0	8.0
21.0	10.0
22.0	11.0
23.0	10.0
24.0	17.0
25.0	20.0
26.0	15.0
27.0	130.0
28.0	11.0
29.0	6.0
30.0	7.0
31.0	7.0
32.0	6.0
33.0	4.0
34.0	7.0
35.0	5.0
36.0	7.0
37.0	6.0
38.0	6.0
39.0	7.0
40.0	7.0
41.0	6.0
42.0	4.0
43.0	4.0
44.0	3.0
45.0	6.0
46.0	5.0
47.0	4.0
48.0	5.0
49.0	6.0
50.0	17.0
51.0	6.0
52.0	6.0
53.0	5.0
54.0	4.0
55.0	10.0
56.0	54.0
57.0	6.0
58.0	5.0
59.0	4.0
60.0	5.0
61.0	6.0
62.0	4.0
63.0	5.0
64.0	5.0
65.0	4.0
66.0	4.0
67.0	5.0
68.0	4.0
69.0	4.0
70.0	4.0
71.0	6.0
72.0	5.0
73.0	5.0
74.0	4.0
75.0	4.0
76.0	5.0
77.0	5.0
78.0	6.0
79.0	8.0
80.0	4.0
81.0	5.0
82.0	5.0
83.0	5.0
84.0	4.0
85.0	4.0
86.0	4.0
87.0	7.0
88.0	7.0
89.0	17.0
90.0	5.0
91.0	5.0
92.0	7.0
93.0	3.0
94.0	5.0
95.0	5.0
96.0	5.0
97.0	5.0
98.0	5.0
99.0	3.0
100.0	6.0
101.0	4.0
102.0	6.0
103.0	6.0
104.0	4.0
105.0	5.0
106.0	5.0
107.0	3.0
108.0	6.0
109.0	5.0
110.0	5.0
