Detector angle	Rate at 35kV
2*theta/°	R(35kV)/Imp/s

10.0	4.0
11.0	5.0
12.0	5.0
13.0	5.0
14.0	6.0
15.0	7.0
16.0	7.0
17.0	9.0
18.0	9.0
19.0	9.0
20.0	9.0
21.0	9.0
22.0	9.0
23.0	8.0
24.0	17.0
25.0	20.0
26.0	19.0
27.0	126.0
28.0	9.0
29.0	5.0
30.0	7.0
31.0	6.0
32.0	7.0
33.0	5.0
34.0	5.0
35.0	7.0
36.0	6.0
37.0	5.0
38.0	5.0
39.0	6.0
40.0	5.0
41.0	4.0
42.0	5.0
43.0	4.0
44.0	6.0
45.0	6.0
46.0	4.0
47.0	5.0
48.0	6.0
49.0	6.0
50.0	17.0
51.0	5.0
52.0	5.0
53.0	3.0
54.0	5.0
55.0	14.0
56.0	57.0
57.0	8.0
58.0	5.0
59.0	6.0
60.0	4.0
61.0	8.0
62.0	5.0
63.0	4.0
64.0	7.0
65.0	4.0
66.0	5.0
67.0	5.0
68.0	6.0
69.0	5.0
70.0	6.0
71.0	6.0
72.0	4.0
73.0	5.0
74.0	4.0
75.0	5.0
76.0	6.0
77.0	4.0
78.0	5.0
79.0	8.0
80.0	6.0
81.0	5.0
82.0	5.0
83.0	5.0
84.0	6.0
85.0	4.0
86.0	6.0
87.0	6.0
88.0	7.0
89.0	20.0
90.0	6.0
91.0	7.0
92.0	3.0
93.0	6.0
94.0	5.0
95.0	4.0
96.0	4.0
97.0	5.0
98.0	7.0
99.0	5.0
100.0	4.0
101.0	6.0
102.0	6.0
103.0	5.0
104.0	5.0
105.0	4.0
106.0	5.0
107.0	5.0
108.0	5.0
109.0	5.0
110.0	6.0
