Detector angle	Rate at 35kV
2*theta/°	R(35kV)/Imp/s

10.0	44.0
10.2	41.0
10.3	39.0
10.6	38.0
10.8	35.0
11.0	40.0
11.2	32.0
11.4	34.0
11.6	35.0
11.8	27.0
12.0	30.0
12.2	33.0
12.4	33.0
12.6	37.0
12.8	38.0
13.0	31.0
13.2	39.0
13.4	0.0
13.6	41.0
13.8	50.0
14.0	47.0
14.2	56.0
14.4	52.0
14.6	49.0
14.8	54.0
15.0	52.0
15.2	53.0
15.4	56.0
15.6	58.0
15.8	63.0
16.0	59.0
16.2	58.0
16.4	57.0
16.6	55.0
16.7	67.0
17.0	67.0
17.2	73.0
17.4	90.0
17.6	88.0
17.7	101.0
18.0	80.0
18.2	90.0
18.4	87.0
18.6	88.0
18.7	96.0
19.0	84.0
19.2	92.0
19.4	94.0
19.6	94.0
19.7	86.0
20.0	88.0
20.2	94.0
20.4	89.0
20.6	81.0
20.7	88.0
21.0	90.0
21.2	92.0
21.4	81.0
21.6	87.0
21.7	88.0
22.0	79.0
22.2	84.0
22.4	83.0
22.6	85.0
22.7	87.0
23.0	80.0
23.2	87.0
23.4	86.0
23.6	86.0
23.8	86.0
24.0	96.0
24.2	86.0
24.4	81.0
24.6	87.0
24.8	114.0
25.0	210.0
25.2	801.0
25.4	1292.0
25.6	540.0
25.8	159.0
26.0	129.0
26.2	119.0
26.4	111.0
26.6	111.0
26.8	117.0
27.0	116.0
27.2	119.0
27.4	198.0
27.6	651.0
27.8	2925.0
28.0	4883.0
28.2	2749.0
28.4	365.0
28.6	117.0
28.8	96.0
29.0	84.0
29.2	87.0
29.4	77.0
29.6	76.0
29.8	78.0
30.0	70.0
30.2	74.0
30.4	71.0
30.6	71.0
30.8	62.0
31.0	71.0
31.2	64.0
31.4	69.0
31.6	64.0
31.8	61.0
32.0	60.0
32.2	50.0
32.4	60.0
32.5	57.0
32.8	54.0
33.0	54.0
33.2	54.0
33.4	62.0
33.5	60.0
33.8	63.0
34.0	64.0
34.2	68.0
34.4	59.0
34.5	62.0
34.8	59.0
35.0	51.0
35.2	55.0
35.4	54.0
35.5	60.0
35.8	58.0
36.0	57.0
36.2	52.0
36.4	57.0
36.5	54.0
36.8	49.0
37.0	48.0
37.2	54.0
37.4	50.0
37.5	49.0
37.8	45.0
38.0	44.0
38.2	48.0
38.4	42.0
38.5	42.0
38.8	45.0
39.0	47.0
39.2	40.0
39.4	44.0
39.5	44.0
39.8	42.0
40.0	41.0
40.2	39.0
40.4	40.0
40.5	38.0
40.8	40.0
41.0	43.0
41.2	37.0
41.4	40.0
41.5	42.0
41.8	40.0
42.0	34.0
42.2	37.0
42.4	39.0
42.5	39.0
42.8	39.0
43.0	35.0
43.2	37.0
43.4	39.0
43.5	37.0
43.8	33.0
44.0	32.0
44.2	34.0
44.4	31.0
44.5	32.0
44.8	33.0
45.0	31.0
45.2	34.0
45.4	33.0
45.5	33.0
45.8	32.0
46.0	35.0
46.2	36.0
46.4	36.0
46.5	37.0
46.8	36.0
47.0	31.0
47.2	34.0
47.4	28.0
47.5	33.0
47.8	30.0
48.0	37.0
48.2	32.0
48.4	33.0
48.5	36.0
48.8	33.0
49.0	33.0
49.2	36.0
49.4	35.0
49.6	34.0
49.8	32.0
50.0	46.0
50.2	74.0
50.4	259.0
50.6	306.0
50.8	243.0
51.0	68.0
51.2	51.0
51.4	42.0
51.6	38.0
51.8	46.0
52.0	44.0
52.2	40.0
52.4	39.0
52.6	39.0
52.8	39.0
53.0	34.0
53.2	36.0
53.4	42.0
53.6	35.0
53.8	38.0
54.0	40.0
54.2	43.0
54.4	39.0
54.6	43.0
54.8	40.0
55.0	44.0
55.2	45.0
55.4	48.0
55.6	55.0
55.8	80.0
56.0	402.0
56.2	1075.0
56.4	1222.0
56.6	790.0
56.8	158.0
57.0	50.0
57.2	42.0
57.4	40.0
57.6	39.0
57.8	34.0
58.0	35.0
58.2	30.0
58.4	36.0
58.6	33.0
58.8	26.0
59.0	29.0
59.2	30.0
59.4	31.0
59.6	34.0
59.8	31.0
60.0	33.0
60.2	31.0
60.4	26.0
60.6	23.0
60.8	27.0
61.0	32.0
61.2	29.0
61.4	32.0
61.6	33.0
61.8	25.0
62.0	32.0
62.2	26.0
62.4	24.0
62.6	28.0
62.8	29.0
63.0	29.0
63.2	30.0
63.4	27.0
63.6	29.0
63.8	29.0
64.0	24.0
64.1	21.0
64.4	30.0
64.6	25.0
64.8	25.0
65.0	27.0
65.1	27.0
65.4	29.0
65.6	29.0
65.8	30.0
66.0	26.0
66.1	26.0
66.4	31.0
66.6	26.0
66.8	29.0
67.0	30.0
67.1	28.0
67.4	28.0
67.6	32.0
67.8	25.0
68.0	22.0
68.1	25.0
68.4	26.0
68.6	25.0
68.8	24.0
69.0	28.0
69.1	26.0
69.4	28.0
69.6	29.0
69.8	27.0
70.0	29.0
70.1	28.0
70.4	26.0
70.6	25.0
70.8	27.0
71.0	28.0
71.1	24.0
71.4	27.0
71.6	23.0
71.8	27.0
72.0	29.0
72.1	27.0
72.4	24.0
72.6	25.0
72.8	24.0
73.0	23.0
73.1	25.0
73.4	22.0
73.6	26.0
73.8	29.0
74.0	26.0
74.1	25.0
74.4	25.0
74.6	22.0
74.8	22.0
75.0	25.0
75.1	25.0
75.4	30.0
75.6	24.0
75.8	27.0
76.0	26.0
76.1	24.0
76.4	25.0
76.6	27.0
76.8	26.0
77.0	25.0
77.1	28.0
77.4	22.0
77.6	26.0
77.8	26.0
78.0	26.0
78.1	25.0
78.4	31.0
78.6	35.0
78.8	54.0
79.0	78.0
79.1	86.0
79.4	40.0
79.6	32.0
79.8	29.0
80.0	30.0
80.1	24.0
80.4	26.0
80.6	24.0
80.8	28.0
81.0	24.0
81.1	28.0
81.4	23.0
81.6	26.0
81.8	25.0
82.0	26.0
82.1	27.0
82.4	25.0
82.6	26.0
82.8	25.0
83.0	24.0
83.1	21.0
83.4	24.0
83.6	26.0
83.8	23.0
84.0	27.0
84.1	25.0
84.4	25.0
84.6	20.0
84.8	22.0
85.0	22.0
85.1	26.0
85.4	28.0
85.6	25.0
85.8	27.0
86.0	28.0
86.1	23.0
86.4	26.0
86.6	28.0
86.8	25.0
87.0	23.0
87.1	28.0
87.4	28.0
87.6	29.0
87.8	27.0
88.0	30.0
88.1	31.0
88.4	30.0
88.6	36.0
88.8	35.0
89.0	51.0
89.1	113.0
89.4	224.0
89.6	241.0
89.8	145.0
90.0	74.0
90.1	34.0
90.4	29.0
90.6	21.0
90.8	24.0
91.0	29.0
91.1	28.0
91.4	27.0
91.6	26.0
91.8	23.0
92.0	24.0
92.1	26.0
92.4	24.0
92.6	29.0
92.8	30.0
93.0	26.0
93.1	27.0
93.4	26.0
93.6	22.0
93.8	23.0
94.0	20.0
94.1	25.0
94.4	23.0
94.6	21.0
94.8	27.0
95.0	24.0
95.1	22.0
95.4	28.0
95.6	23.0
95.8	20.0
96.0	24.0
96.1	26.0
96.4	24.0
96.6	23.0
96.8	26.0
97.0	22.0
97.1	22.0
97.4	20.0
97.6	22.0
97.8	18.0
98.0	26.0
98.1	27.0
98.4	23.0
98.6	21.0
98.8	21.0
99.0	22.0
99.1	26.0
99.4	22.0
99.6	26.0
99.8	18.0
100.0	20.0
100.1	23.0
100.4	23.0
100.6	24.0
100.8	25.0
101.0	26.0
101.2	22.0
101.4	25.0
101.6	25.0
101.8	23.0
102.0	22.0
102.2	26.0
102.4	25.0
102.6	21.0
102.8	20.0
103.0	19.0
103.2	25.0
103.4	19.0
103.6	23.0
103.8	24.0
104.0	21.0
104.2	22.0
104.4	22.0
104.6	22.0
104.8	24.0
105.0	20.0
105.2	25.0
105.4	23.0
105.6	24.0
105.8	25.0
106.0	22.0
106.2	25.0
106.4	20.0
106.6	24.0
106.8	23.0
107.0	20.0
107.2	21.0
107.4	23.0
107.6	24.0
107.8	24.0
108.0	22.0
108.2	22.0
108.4	26.0
108.6	20.0
108.8	20.0
109.0	28.0
109.2	21.0
109.4	25.0
109.6	28.0
109.8	23.0
110.0	25.0
