Detector angle	Rate at 35kV
2*theta/°	R(35kV)/Imp/s

10.0	44.0
10.2	42.0
10.3	47.0
10.6	41.0
10.8	32.0
11.0	31.0
11.2	33.0
11.4	29.0
11.6	27.0
11.8	29.0
12.0	28.0
12.2	26.0
12.4	25.0
12.6	24.0
12.8	25.0
13.0	21.0
13.2	22.0
13.4	28.0
13.6	23.0
13.8	28.0
14.0	27.0
14.2	26.0
14.4	25.0
14.6	29.0
14.8	27.0
15.0	25.0
15.2	25.0
15.4	32.0
15.6	30.0
15.8	31.0
16.0	29.0
16.2	35.0
16.4	29.0
16.6	26.0
16.7	31.0
17.0	31.0
17.2	34.0
17.4	38.0
17.6	38.0
17.7	37.0
18.0	36.0
18.2	38.0
18.4	39.0
18.6	38.0
18.7	36.0
19.0	36.0
19.2	37.0
19.4	41.0
19.6	41.0
19.7	46.0
20.0	43.0
20.2	37.0
20.4	43.0
20.6	45.0
20.7	48.0
21.0	44.0
21.2	44.0
21.4	40.0
21.6	45.0
21.7	54.0
22.0	47.0
22.2	52.0
22.4	55.0
22.6	55.0
22.7	56.0
23.0	49.0
23.2	56.0
23.4	53.0
23.6	65.0
23.8	63.0
24.0	67.0
24.2	61.0
24.4	60.0
24.6	63.0
24.8	62.0
25.0	91.0
25.2	140.0
25.4	218.0
25.6	845.0
25.8	589.0
26.0	114.0
26.2	88.0
26.4	88.0
26.6	77.0
26.8	84.0
27.0	84.0
27.2	103.0
27.4	93.0
27.6	130.0
27.8	471.0
28.0	858.0
28.2	3050.0
28.4	3244.0
28.6	263.0
28.8	94.0
29.0	81.0
29.2	74.0
29.4	65.0
29.6	60.0
29.8	60.0
30.0	57.0
30.2	59.0
30.4	59.0
30.6	61.0
30.8	54.0
31.0	54.0
31.2	52.0
31.4	51.0
31.6	47.0
31.8	47.0
32.0	57.0
32.2	50.0
32.4	48.0
32.5	49.0
32.8	43.0
33.0	48.0
33.2	45.0
33.4	54.0
33.5	49.0
33.8	54.0
34.0	43.0
34.2	54.0
34.4	50.0
34.5	48.0
34.8	50.0
35.0	48.0
35.2	48.0
35.4	45.0
35.5	52.0
35.8	47.0
36.0	42.0
36.2	46.0
36.4	46.0
36.5	42.0
36.8	46.0
37.0	47.0
37.2	45.0
37.4	44.0
37.5	42.0
37.8	45.0
38.0	42.0
38.2	42.0
38.4	40.0
38.5	41.0
38.8	42.0
39.0	34.0
39.2	42.0
39.4	41.0
39.5	42.0
39.8	36.0
40.0	38.0
40.2	38.0
40.4	42.0
40.5	36.0
40.8	41.0
41.0	39.0
41.2	46.0
41.4	41.0
41.5	32.0
41.8	38.0
42.0	35.0
42.2	39.0
42.4	38.0
42.5	36.0
42.8	37.0
43.0	38.0
43.2	34.0
43.4	40.0
43.5	34.0
43.8	37.0
44.0	33.0
44.2	33.0
44.4	35.0
44.5	36.0
44.8	35.0
45.0	32.0
45.2	35.0
45.4	36.0
45.5	40.0
45.8	36.0
46.0	34.0
46.2	33.0
46.4	35.0
46.5	32.0
46.8	30.0
47.0	33.0
47.2	35.0
47.4	35.0
47.5	30.0
47.8	31.0
48.0	34.0
48.2	33.0
48.4	36.0
48.5	36.0
48.8	32.0
49.0	32.0
49.2	37.0
49.4	33.0
49.6	35.0
49.8	33.0
50.0	42.0
50.2	48.0
50.4	83.0
50.6	261.0
50.8	291.0
51.0	229.0
51.2	56.0
51.4	41.0
51.6	45.0
51.8	39.0
52.0	36.0
52.2	40.0
52.4	41.0
52.6	37.0
52.8	39.0
53.0	34.0
53.2	40.0
53.4	41.0
53.6	32.0
53.8	41.0
54.0	42.0
54.2	40.0
54.4	43.0
54.6	38.0
54.8	44.0
55.0	46.0
55.2	46.0
55.4	49.0
55.6	44.0
55.8	55.0
56.0	90.0
56.2	387.0
56.4	1062.0
56.6	1157.0
56.8	685.0
57.0	116.0
57.2	49.0
57.4	44.0
57.6	39.0
57.8	39.0
58.0	36.0
58.2	32.0
58.4	29.0
58.6	33.0
58.8	30.0
59.0	30.0
59.2	32.0
59.4	27.0
59.6	30.0
59.8	34.0
60.0	27.0
60.2	27.0
60.4	30.0
60.6	35.0
60.8	32.0
61.0	30.0
61.2	30.0
61.4	32.0
61.6	26.0
61.8	27.0
62.0	31.0
62.2	24.0
62.4	30.0
62.6	27.0
62.8	28.0
63.0	27.0
63.2	27.0
63.4	28.0
63.6	30.0
63.8	30.0
64.0	26.0
64.1	26.0
64.4	26.0
64.6	24.0
64.8	25.0
65.0	28.0
65.1	28.0
65.4	30.0
65.6	27.0
65.8	31.0
66.0	28.0
66.1	25.0
66.4	32.0
66.6	27.0
66.8	24.0
67.0	27.0
67.1	28.0
67.4	24.0
67.6	28.0
67.8	25.0
68.0	28.0
68.1	31.0
68.4	27.0
68.6	24.0
68.8	26.0
69.0	29.0
69.1	23.0
69.4	27.0
69.6	26.0
69.8	24.0
70.0	23.0
70.1	27.0
70.4	28.0
70.6	25.0
70.8	25.0
71.0	29.0
71.1	26.0
71.4	24.0
71.6	25.0
71.8	23.0
72.0	27.0
72.1	24.0
72.4	23.0
72.6	23.0
72.8	24.0
73.0	22.0
73.1	25.0
73.4	30.0
73.6	28.0
73.8	22.0
74.0	27.0
74.1	23.0
74.4	26.0
74.6	25.0
74.8	27.0
75.0	22.0
75.1	21.0
75.4	27.0
75.6	24.0
75.8	24.0
76.0	23.0
76.1	22.0
76.4	23.0
76.6	26.0
76.8	25.0
77.0	21.0
77.1	30.0
77.4	23.0
77.6	23.0
77.8	24.0
78.0	25.0
78.1	24.0
78.4	23.0
78.6	30.0
78.8	25.0
79.0	48.0
79.1	51.0
79.4	74.0
79.6	36.0
79.8	29.0
80.0	26.0
80.1	23.0
80.4	25.0
80.6	30.0
80.8	23.0
81.0	24.0
81.1	25.0
81.4	27.0
81.6	26.0
81.8	26.0
82.0	23.0
82.1	24.0
82.4	24.0
82.6	23.0
82.8	21.0
83.0	30.0
83.1	25.0
83.4	23.0
83.6	28.0
83.8	25.0
84.0	24.0
84.1	26.0
84.4	26.0
84.6	26.0
84.8	29.0
85.0	24.0
85.1	26.0
85.4	25.0
85.6	26.0
85.8	26.0
86.0	27.0
86.1	26.0
86.4	25.0
86.6	27.0
86.8	27.0
87.0	29.0
87.1	24.0
87.4	25.0
87.6	31.0
87.8	27.0
88.0	26.0
88.1	27.0
88.4	31.0
88.6	32.0
88.8	31.0
89.0	34.0
89.1	41.0
89.4	93.0
89.6	166.0
89.8	190.0
90.0	100.0
90.1	64.0
90.4	26.0
90.6	27.0
90.8	27.0
91.0	23.0
91.1	26.0
91.4	27.0
91.6	29.0
91.8	26.0
92.0	25.0
92.1	25.0
92.4	22.0
92.6	24.0
92.8	23.0
93.0	20.0
93.1	23.0
93.4	22.0
93.6	24.0
93.8	23.0
94.0	22.0
94.1	24.0
94.4	24.0
94.6	25.0
94.8	25.0
95.0	21.0
95.1	20.0
95.4	26.0
95.6	25.0
95.8	22.0
96.0	24.0
96.1	24.0
96.4	26.0
96.6	26.0
96.8	22.0
97.0	26.0
97.1	23.0
97.4	25.0
97.6	20.0
97.8	21.0
98.0	24.0
98.1	25.0
98.4	24.0
98.6	22.0
98.8	23.0
99.0	20.0
99.1	24.0
99.4	24.0
99.6	22.0
99.8	23.0
100.0	21.0
100.1	24.0
100.4	22.0
100.6	21.0
100.8	27.0
101.0	21.0
101.2	26.0
101.4	24.0
101.6	24.0
101.8	18.0
102.0	27.0
102.2	23.0
102.4	24.0
102.6	23.0
102.8	22.0
103.0	21.0
103.2	23.0
103.4	24.0
103.6	21.0
103.8	25.0
104.0	25.0
104.2	25.0
104.4	24.0
104.6	21.0
104.8	22.0
105.0	25.0
105.2	23.0
105.4	23.0
105.6	23.0
105.8	21.0
106.0	22.0
106.2	21.0
106.4	20.0
106.6	19.0
106.8	22.0
107.0	24.0
107.2	23.0
107.4	23.0
107.6	24.0
107.8	19.0
108.0	21.0
108.2	23.0
108.4	20.0
108.6	24.0
108.8	23.0
109.0	24.0
109.2	20.0
109.4	26.0
109.6	28.0
109.8	22.0
110.0	27.0
