Detector angle	Rate at 35kV
2*theta/°	R(35kV)/Imp/s

10.0	42.0
10.2	45.0
10.3	38.0
10.6	36.0
10.8	36.0
11.0	34.0
11.2	32.0
11.4	28.0
11.6	33.0
11.8	28.0
12.0	32.0
12.2	34.0
12.4	30.0
12.6	34.0
12.8	36.0
13.0	39.0
13.2	43.0
13.4	45.0
13.6	41.0
13.8	45.0
14.0	49.0
14.2	53.0
14.4	54.0
14.6	55.0
14.8	54.0
15.0	56.0
15.2	62.0
15.4	64.0
15.6	60.0
15.8	58.0
16.0	57.0
16.2	61.0
16.4	60.0
16.6	63.0
16.7	69.0
17.0	61.0
17.2	73.0
17.4	91.0
17.6	111.0
17.7	99.0
18.0	88.0
18.2	98.0
18.4	102.0
18.6	93.0
18.7	88.0
19.0	94.0
19.2	89.0
19.4	89.0
19.6	91.0
19.7	85.0
20.0	94.0
20.2	93.0
20.4	90.0
20.6	94.0
20.7	100.0
21.0	88.0
21.2	88.0
21.4	94.0
21.6	92.0
21.7	89.0
22.0	92.0
22.2	83.0
22.4	82.0
22.6	91.0
22.7	90.0
23.0	76.0
23.2	82.0
23.4	84.0
23.6	95.0
23.8	91.0
24.0	87.0
24.2	88.0
24.4	90.0
24.6	89.0
24.8	103.0
25.0	212.0
25.2	766.0
25.4	1326.0
25.6	657.0
25.8	171.0
26.0	136.0
26.2	129.0
26.4	128.0
26.6	111.0
26.8	121.0
27.0	112.0
27.2	130.0
27.4	188.0
27.6	552.0
27.8	2717.0
28.0	4903.0
28.2	3392.0
28.4	510.0
28.6	129.0
28.8	107.0
29.0	87.0
29.2	98.0
29.4	86.0
29.6	83.0
29.8	83.0
30.0	81.0
30.2	77.0
30.4	73.0
30.6	67.0
30.8	67.0
31.0	73.0
31.2	73.0
31.4	66.0
31.6	69.0
31.8	63.0
32.0	68.0
32.2	56.0
32.4	62.0
32.5	61.0
32.8	55.0
33.0	58.0
33.2	56.0
33.4	65.0
33.5	69.0
33.8	64.0
34.0	67.0
34.2	67.0
34.4	63.0
34.5	59.0
34.8	59.0
35.0	59.0
35.2	57.0
35.4	55.0
35.5	51.0
35.8	54.0
36.0	50.0
36.2	46.0
36.4	54.0
36.5	53.0
36.8	52.0
37.0	48.0
37.2	50.0
37.4	51.0
37.5	50.0
37.8	44.0
38.0	49.0
38.2	48.0
38.4	43.0
38.5	43.0
38.8	47.0
39.0	51.0
39.2	44.0
39.4	46.0
39.5	45.0
39.8	43.0
40.0	39.0
40.2	45.0
40.4	39.0
40.5	45.0
40.8	41.0
41.0	41.0
41.2	39.0
41.4	43.0
41.5	39.0
41.8	40.0
42.0	42.0
42.2	32.0
42.4	36.0
42.5	39.0
42.8	41.0
43.0	37.0
43.2	38.0
43.4	38.0
43.5	39.0
43.8	33.0
44.0	34.0
44.2	39.0
44.4	36.0
44.5	38.0
44.8	33.0
45.0	28.0
45.2	36.0
45.4	38.0
45.5	34.0
45.8	34.0
46.0	37.0
46.2	33.0
46.4	34.0
46.5	34.0
46.8	32.0
47.0	36.0
47.2	36.0
47.4	38.0
47.5	35.0
47.8	33.0
48.0	33.0
48.2	32.0
48.4	31.0
48.5	33.0
48.8	30.0
49.0	34.0
49.2	33.0
49.4	27.0
49.6	32.0
49.8	39.0
50.0	44.0
50.2	69.0
50.4	240.0
50.6	326.0
50.8	272.0
51.0	75.0
51.2	47.0
51.4	46.0
51.6	42.0
51.8	42.0
52.0	39.0
52.2	40.0
52.4	40.0
52.6	43.0
52.8	41.0
53.0	36.0
53.2	34.0
53.4	42.0
53.6	33.0
53.8	40.0
54.0	38.0
54.2	40.0
54.4	37.0
54.6	45.0
54.8	44.0
55.0	44.0
55.2	44.0
55.4	49.0
55.6	52.0
55.8	84.0
56.0	339.0
56.2	974.0
56.4	1238.0
56.6	894.0
56.8	207.0
57.0	64.0
57.2	45.0
57.4	41.0
57.6	44.0
57.8	39.0
58.0	37.0
58.2	34.0
58.4	35.0
58.6	32.0
58.8	32.0
59.0	34.0
59.2	34.0
59.4	29.0
59.6	33.0
59.8	29.0
60.0	33.0
60.2	34.0
60.4	35.0
60.6	31.0
60.8	31.0
61.0	30.0
61.2	28.0
61.4	38.0
61.6	33.0
61.8	31.0
62.0	28.0
62.2	31.0
62.4	29.0
62.6	31.0
62.8	29.0
63.0	25.0
63.2	28.0
63.4	29.0
63.6	27.0
63.8	28.0
64.0	27.0
64.1	28.0
64.4	30.0
64.6	26.0
64.8	25.0
65.0	32.0
65.1	27.0
65.4	24.0
65.6	26.0
65.8	26.0
66.0	25.0
66.1	31.0
66.4	26.0
66.6	28.0
66.8	26.0
67.0	29.0
67.1	30.0
67.4	24.0
67.6	28.0
67.8	22.0
68.0	27.0
68.1	27.0
68.4	27.0
68.6	24.0
68.8	22.0
69.0	27.0
69.1	28.0
69.4	31.0
69.6	24.0
69.8	24.0
70.0	25.0
70.1	25.0
70.4	24.0
70.6	27.0
70.8	25.0
71.0	29.0
71.1	25.0
71.4	25.0
71.6	25.0
71.8	22.0
72.0	24.0
72.1	21.0
72.4	25.0
72.6	24.0
72.8	26.0
73.0	29.0
73.1	23.0
73.4	24.0
73.6	25.0
73.8	29.0
74.0	28.0
74.1	24.0
74.4	27.0
74.6	24.0
74.8	26.0
75.0	23.0
75.1	22.0
75.4	25.0
75.6	21.0
75.8	23.0
76.0	26.0
76.1	28.0
76.4	27.0
76.6	21.0
76.8	25.0
77.0	23.0
77.1	27.0
77.4	23.0
77.6	25.0
77.8	23.0
78.0	21.0
78.1	28.0
78.4	27.0
78.6	30.0
78.8	51.0
79.0	68.0
79.1	82.0
79.4	50.0
79.6	26.0
79.8	28.0
80.0	26.0
80.1	25.0
80.4	27.0
80.6	25.0
80.8	26.0
81.0	26.0
81.1	26.0
81.4	29.0
81.6	25.0
81.8	31.0
82.0	21.0
82.1	30.0
82.4	26.0
82.6	23.0
82.8	23.0
83.0	21.0
83.1	28.0
83.4	23.0
83.6	23.0
83.8	21.0
84.0	25.0
84.1	22.0
84.4	21.0
84.6	22.0
84.8	23.0
85.0	27.0
85.1	24.0
85.4	24.0
85.6	24.0
85.8	26.0
86.0	24.0
86.1	21.0
86.4	22.0
86.6	22.0
86.8	26.0
87.0	25.0
87.1	24.0
87.4	27.0
87.6	24.0
87.8	26.0
88.0	27.0
88.1	28.0
88.4	33.0
88.6	40.0
88.8	31.0
89.0	57.0
89.1	103.0
89.4	224.0
89.6	254.0
89.8	136.0
90.0	82.0
90.1	42.0
90.4	30.0
90.6	28.0
90.8	29.0
91.0	29.0
91.1	26.0
91.4	27.0
91.6	23.0
91.8	24.0
92.0	28.0
92.1	28.0
92.4	26.0
92.6	20.0
92.8	26.0
93.0	23.0
93.1	25.0
93.4	24.0
93.6	24.0
93.8	22.0
94.0	25.0
94.1	26.0
94.4	24.0
94.6	26.0
94.8	21.0
95.0	22.0
95.1	22.0
95.4	28.0
95.6	24.0
95.8	22.0
96.0	23.0
96.1	24.0
96.4	24.0
96.6	19.0
96.8	24.0
97.0	23.0
97.1	25.0
97.4	26.0
97.6	24.0
97.8	25.0
98.0	24.0
98.1	26.0
98.4	24.0
98.6	24.0
98.8	25.0
99.0	23.0
99.1	25.0
99.4	25.0
99.6	25.0
99.8	23.0
100.0	19.0
100.1	24.0
100.4	24.0
100.6	21.0
100.8	17.0
101.0	25.0
101.2	21.0
101.4	23.0
101.6	25.0
101.8	23.0
102.0	26.0
102.2	23.0
102.4	23.0
102.6	22.0
102.8	25.0
103.0	20.0
103.2	22.0
103.4	24.0
103.6	19.0
103.8	25.0
104.0	20.0
104.2	25.0
104.4	22.0
104.6	22.0
104.8	24.0
105.0	25.0
105.2	23.0
105.4	23.0
105.6	21.0
105.8	23.0
106.0	22.0
106.2	18.0
106.4	26.0
106.6	23.0
106.8	24.0
107.0	23.0
107.2	26.0
107.4	21.0
107.6	21.0
107.8	23.0
108.0	0.0
108.2	28.0
108.4	27.0
108.6	23.0
108.8	26.0
109.0	18.0
109.2	23.0
109.4	24.0
109.6	21.0
109.8	24.0
110.0	22.0
